351 591 0 0 0 0 0 0 0 0 0 0 0 0 0 
504 942 977 434 292 364 336 641 0 0 0 0 0 0 0 
197 0 0 0 0 0 0 0 0 0 0 0 0 0 0 
739 450 713 746 784 577 59 943 409 162 677 274 162 377 0 
681 182 152 514 354 20 695 598 0 0 0 0 0 0 0 
404 492 871 438 43 598 13 9 55 0 0 0 0 0 0 
955 0 0 0 0 0 0 0 0 0 0 0 0 0 0 
491 848 717 974 503 827 944 31 105 781 89 734 145 829 353 
74 94 495 933 0 0 0 0 0 0 0 0 0 0 0 
810 338 378 583 720 0 0 0 0 0 0 0 0 0 0 
110 196 939 153 179 742 0 0 0 0 0 0 0 0 0 
202 240 501 114 0 0 0 0 0 0 0 0 0 0 0 
